SC:10.0
loss:-13799.0615234375 epoch:490 acc:0.23238095238095238 nmi:0.26005062495068676 accMax:0.2633333333333333 nmiMax:0.3011418613980011 ariMax:0.1210995157151321 curepoch:40
hid_units:512,lr:0.001,l2_coef:0.0001,reg_coef:0.0001,acc:0.2338095238095238,nmi:0.25906954112239716,Ari:0.10065048188910708,stdnmi:0.0,stdacc:0.0,stdari:0.0

