SC:10.0

hid_units:512,lr:0.001,l2_coef:1e-05,reg_coef:1e-05,acc:0.5691666666666667,nmi:0.37490039955400534,Ari:0.2682303604815718,stdnmi:0.0,stdacc:0.0,stdari:0.0

SC:10.0
SC:10.0
SC:10.0

hid_units:512,lr:0.001,l2_coef:0.01,reg_coef:1e-05,acc:0.5758333333333333,nmi:0.39583934523224806,Ari:0.275451482912331,stdnmi:0.0,stdacc:0.0,stdari:0.0

