SC:10.0
loss:-35908588.0 epoch:995 acc:0.9448529411764706 nmi:0.848669605757096 accMax:0.9724264705882353 nmiMax:0.9119521414873134 ariMax:0.9268271505980205 curepoch:80
hid_units:512,lr:0.01,l2_coef:0.001,reg_coef:0.001,acc:0.9724264705882353,nmi:0.9119521414873135,Ari:0.9268271505980205,stdnmi:0.0,stdacc:0.0,stdari:0.0

SC:10.0
loss:2155.556396484375 epoch:995 acc:0.9430147058823529 nmi:0.8392827784134792 accMax:0.96875 nmiMax:0.9036643952288561 ariMax:0.9148377544539079 curepoch:65
hid_units:512,lr:0.01,l2_coef:0.001,reg_coef:0.001,acc:0.9669117647058824,nmi:0.8961554901908856,Ari:0.9135639334805272,stdnmi:0.0,stdacc:0.0,stdari:0.0

