SC:10.0
loss:-610758.0625 epoch:290 acc:0.7159763313609467 nmi:0.6322905111825624 accMax:0.8757396449704142 nmiMax:0.728661712135711 ariMax:0.7692631566298264 curepoch:110
hid_units:512,lr:0.01,l2_coef:0.001,reg_coef:0.001,acc:0.8402366863905325,nmi:0.6823643008203344,Ari:0.7385071533770188,stdnmi:0.0,stdacc:0.0,stdari:0.0

SC:10.0
loss:-610758.0625 epoch:290 acc:0.7159763313609467 nmi:0.6322905111825624 accMax:0.8757396449704142 nmiMax:0.728661712135711 ariMax:0.7692631566298264 curepoch:110
hid_units:512,lr:0.01,l2_coef:0.001,reg_coef:0.001,acc:0.8402366863905325,nmi:0.6823643008203344,Ari:0.7385071533770188,stdnmi:0.0,stdacc:0.0,stdari:0.0

SC:10.0
loss:-2634605.5 epoch:490 acc:0.6982248520710059 nmi:0.5954593233360544 accMax:0.8757396449704142 nmiMax:0.728661712135711 ariMax:0.7692631566298264 curepoch:110
hid_units:512,lr:0.01,l2_coef:0.001,reg_coef:0.001,acc:0.7810650887573964,nmi:0.6320442655024661,Ari:0.6779450146567578,stdnmi:0.0,stdacc:0.0,stdari:0.0

