SC:10.0
SC:10.0
loss:-2517.199951171875 epoch:490 acc:0.680952380952381 nmi:0.5314145814744166 accMax:0.7095238095238096 nmiMax:0.5602962943362466 ariMax:0.4722989675730697 curepoch:390
hid_units:256,lr:0.0001,l2_coef:0.0001,reg_coef:0.0001,acc:0.6904761904761905,nmi:0.5391773443111066,Ari:0.437556906332506,stdnmi:0.0,stdacc:0.0,stdari:0.0

SC:10.0
loss:-3742.486572265625 epoch:498 acc:0.6904761904761905 nmi:0.5438258229391066 accMax:0.7047619047619048 nmiMax:0.5574019480560954 ariMax:0.4620856974395159 curepoch:279
hid_units:256,lr:0.0001,l2_coef:0.0001,reg_coef:0.0001,acc:0.680952380952381,nmi:0.5273650050107911,Ari:0.42841049385449526,stdnmi:0.0,stdacc:0.0,stdari:0.0

SC:10.0
loss:-3742.486572265625 epoch:498 acc:0.6904761904761905 nmi:0.5438258229391066 accMax:0.7047619047619048 nmiMax:0.5574019480560954 ariMax:0.4620856974395159 curepoch:279
hid_units:256,lr:0.0001,l2_coef:0.0001,reg_coef:0.0001,acc:0.680952380952381,nmi:0.5273650050107911,Ari:0.42841049385449526,stdnmi:0.0,stdacc:0.0,stdari:0.0

